"year"	"week"	"aveTemp"	"maxTemp"	"relHum"	"sunHours"	"precip"	"total"	"pos"	"R1total"	"R1pos"	"R2total"	"R2pos"	"R3total"	"R3pos"	"R4total"	"R4pos"	"R5total"	"R5pos"	"R6total"	"R6pos"	"R7total"	"R7pos"	"R8total"	"R8pos"
1998	1	4.3	7.2	93	3	28	16	6	2	0	7	4	2	0	0	0	3	0	1	1	0	0	0	0
1998	2	4.5	9.2	92	13	19	68	27	3	0	8	1	16	3	9	8	6	4	12	6	2	0	3	2
1998	3	4.7	8.1	91	9	17	72	24	6	1	0	0	14	6	12	5	14	1	1	0	6	4	5	2
1998	4	-1.1	4.1	84	18	8	99	41	7	3	4	1	27	21	13	0	12	9	7	2	3	0	3	1
1998	5	-1	4.9	73	28	2	125	50	12	6	23	16	20	10	8	3	19	4	9	2	2	1	10	5
1998	6	2.5	6.3	90	9	12	102	33	9	2	12	5	18	10	5	4	22	8	2	0	3	0	12	1
1998	7	6.6	10.1	94	3	25	103	25	10	0	12	0	21	11	7	5	13	1	5	0	6	1	8	0
1998	8	5.9	9.9	88	12	8	89	30	5	3	11	4	18	5	4	1	9	0	7	3	6	4	9	2
1998	9	5.1	10.3	84	17	10	91	31	16	5	17	8	19	5	9	4	1	0	6	0	1	0	6	4
1998	10	2	8.5	84	25	46	120	58	8	1	7	0	28	11	17	13	17	3	15	8	6	4	1	1
1998	11	2.2	8.8	69	39	2	106	45	9	4	4	1	22	14	13	3	11	7	8	4	1	0	9	3
1998	12	4.2	10.1	71	37	2	104	35	11	2	6	5	15	7	12	2	20	5	10	1	0	0	14	8
1998	13	5.3	13.1	68	39	6	111	20	9	3	21	11	26	0	7	1	26	3	3	0	3	0	4	0
1998	14	5.3	14.5	85	11	35	97	12	9	0	10	0	17	6	1	0	22	1	6	0	5	0	10	1
1998	15	5.1	10.5	85	11	9	60	21	3	1	16	4	11	4	3	1	2	1	3	1	3	3	9	0
1998	16	5.2	10.8	73	41	13	107	30	20	3	5	0	25	12	7	1	3	0	5	3	9	5	8	0
1998	17	9	14.6	81	31	13	125	52	8	3	17	5	30	16	17	2	10	4	2	0	5	1	4	1
1998	18	10.7	19.9	79	41	13	24	10	4	2	0	0	0	0	6	6	4	1	6	1	0	0	0	0
1998	19	11.3	21.9	73	54	11	109	49	6	4	5	4	21	9	14	6	22	11	13	3	4	4	5	1
1998	20	12.1	20	60	87	5	170	51	16	3	6	2	41	15	17	1	21	1	9	3	3	1	17	4
1998	21	10.6	19	66	71	2	129	48	5	3	17	11	19	6	8	4	31	2	8	3	1	0	17	11
1998	22	13.5	21.2	77	48	7	116	52	11	6	21	12	21	10	7	6	22	6	7	1	6	1	9	2
1998	23	13.3	19.9	75	44	12	83	35	12	4	6	0	17	7	2	2	7	4	5	4	8	2	12	5
1998	24	13	18.5	72	59	13	115	55	18	6	14	4	17	2	8	8	9	6	4	0	6	2	9	4
1998	25	13.9	23.8	68	57	12	111	77	6	6	9	8	38	24	11	9	12	6	7	3	2	1	4	3
1998	26	15.4	21.7	71	57	27	108	74	11	7	4	2	19	17	15	13	14	8	12	5	7	5	5	5
1998	27	13.9	19	82	34	20	120	78	8	5	7	3	28	26	17	11	20	12	8	4	4	2	7	3
1998	28	13.4	19.6	75	57	25	110	79	6	5	15	11	23	16	7	5	18	11	5	4	4	3	17	13
1998	29	13.5	19	73	59	28	107	75	10	8	25	24	19	17	8	7	19	8	6	4	2	0	3	0
1998	30	16.2	26.9	68	68	5	98	53	20	6	8	6	18	10	6	2	8	4	7	5	4	2	11	6
1998	31	15.1	20.4	77	28	30	107	55	16	7	11	4	15	9	3	2	5	5	4	4	7	2	15	6
1998	32	14.8	20.5	76	39	19	113	97	5	4	14	14	33	28	8	8	14	13	6	4	7	4	3	2
1998	33	16.5	23.6	71	51	9	106	69	8	2	12	9	23	9	15	15	17	10	10	8	6	5	0	0
1998	34	14.5	21.5	75	47	26	106	78	8	6	4	2	20	16	13	11	17	13	17	13	5	4	0	0
1998	35	12.8	18.8	69	56	6	99	63	8	6	11	2	17	10	11	11	19	9	6	6	6	4	11	9
1998	36	14.3	19.5	72	48	2	100	56	7	6	14	10	18	11	7	5	16	5	4	2	7	2	12	4
1998	37	14.9	20.3	84	20	41	110	64	19	17	19	12	19	9	9	6	9	2	5	4	7	4	4	2
1998	38	11.7	17.4	83	26	10	113	73	12	6	11	7	26	21	4	3	9	0	2	2	4	1	14	7
1998	39	13	17.2	87	7	1	107	63	10	5	9	3	17	12	3	3	11	7	8	5	10	3	12	8
1998	40	10.2	15.4	78	11	9	134	71	12	3	19	19	32	18	5	3	16	7	6	3	7	2	6	4
1998	41	9	12.8	87	12	27	111	55	6	4	11	8	25	16	12	11	17	1	13	1	4	0	1	1
1998	42	9	13.9	81	31	52	107	63	6	2	9	7	25	11	17	14	21	10	11	9	2	2	4	3
1998	43	9.2	14.3	89	17	52	119	45	13	7	6	0	28	11	13	8	17	2	9	3	10	1	10	3
1998	44	6.3	10.3	85	26	39	99	36	16	1	12	8	15	5	9	5	14	2	4	1	5	3	13	8
1998	45	3.8	7.6	90	14	22	106	39	16	7	21	10	13	3	7	6	16	2	4	3	3	2	6	1
1998	46	4	8	89	13	21	122	50	11	2	10	4	26	4	9	7	6	2	4	1	8	4	15	4
1998	47	-1.2	2.2	79	21	1	127	49	12	4	19	9	20	13	6	3	11	4	5	2	10	1	11	2
1998	48	0.8	3.1	95	1	4	133	42	4	2	18	10	39	10	13	5	21	3	11	2	4	4	2	0
1998	49	-1.1	2.9	93	8	7	127	43	12	4	9	0	26	10	17	10	19	5	16	7	3	0	3	1
1998	50	-2.1	4.8	90	15	12	114	34	14	2	4	1	28	14	16	7	20	2	7	0	8	1	8	1
1998	51	4.3	8.1	94	7	6	110	45	16	3	9	2	31	14	7	3	13	1	3	0	6	2	12	11
1998	52	2.9	8	88	10	34	63	22	6	0	11	7	13	6	6	5	17	0	1	0	1	1	4	1
1998	53	2.8	7.1	92	12	5	84	28	7	2	25	9	10	1	6	4	7	2	7	3	3	0	7	3
1999	1	2.4	9.2	90	8	23	138	51	12	1	28	11	19	4	4	2	6	0	8	2	6	3	12	2
1999	2	1.1	7.2	92	6	22	141	49	9	7	17	7	27	8	8	1	15	0	6	3	10	2	14	2
1999	3	4.9	8.9	92	8	18	135	48	10	6	9	4	35	15	14	10	15	3	11	1	8	2	2	1
1999	4	0.2	8.6	87	17	11	130	50	15	2	16	8	30	12	13	7	18	6	16	6	4	2	4	2
1999	5	2.7	8.6	86	18	9	106	29	9	2	2	0	19	7	16	9	26	0	6	0	6	3	6	2
1999	6	-3.2	2.5	87	28	6	112	39	14	1	14	3	21	9	17	12	12	2	1	0	6	2	9	1
1999	7	1.8	6	87	26	22	112	41	12	4	16	11	21	9	10	3	17	2	7	3	4	1	9	1
1999	8	2.5	7.5	86	21	18	109	27	11	0	20	8	11	3	1	0	4	0	9	1	3	0	8	2
1999	9	3.6	7.3	91	12	45	124	32	3	2	17	2	28	9	3	1	9	2	7	1	7	2	14	0
1999	10	1.2	5.8	86	16	11	126	24	11	5	5	1	27	4	8	1	24	0	11	5	12	1	7	1
1999	11	3.4	7.4	82	15	13	122	32	14	3	8	0	35	7	9	3	14	9	13	3	8	2	3	0
1999	12	4.3	11.4	87	20	14	123	41	14	3	19	17	30	11	10	0	20	3	5	1	6	2	4	0
1999	13	8.1	16.1	69	57	3	81	15	6	0	5	0	16	5	12	1	10	0	5	0	0	0	10	2
1999	14	8.1	13.8	85	23	8	105	21	14	4	19	4	17	1	17	4	17	0	3	3	7	1	4	0
1999	15	4.8	9.1	78	25	27	124	32	11	0	13	3	20	13	10	3	11	0	5	0	6	1	13	1
1999	16	7.9	15.8	72	56	4	125	20	6	0	20	4	16	1	6	1	7	0	10	0	10	3	10	1
1999	17	9.1	17.2	62	74	0	100	26	7	1	5	0	26	10	2	2	16	0	6	0	3	0	17	4
1999	18	9.4	16.2	62	69	7	120	32	20	5	4	0	28	10	8	1	16	1	11	2	12	3	2	2
1999	19	8.2	15.2	81	30	27	100	36	12	1	11	4	25	16	7	0	12	5	11	3	6	1	1	0
1999	20	12.6	20.5	62	78	4	115	35	9	3	10	8	26	5	11	1	22	1	6	2	3	2	5	1
1999	21	13.4	24.1	71	66	7	98	36	9	1	10	4	22	9	12	6	21	4	5	2	0	0	7	2
1999	22	12.6	18.6	77	51	32	120	55	13	1	13	8	17	7	16	15	9	1	1	0	7	2	20	6
1999	23	12.9	18.7	79	52	38	127	64	10	2	22	14	22	16	12	6	13	4	13	7	6	4	6	3
1999	24	14.6	21.3	72	78	17	129	59	6	5	9	4	34	11	2	0	9	2	11	6	8	1	17	4
1999	25	12.7	20.5	72	66	22	120	60	12	5	4	1	29	11	3	0	20	9	8	7	5	1	13	8
1999	26	15.7	22	81	41	18	113	72	7	5	8	3	31	24	12	9	17	9	8	3	13	9	1	0
1999	27	17.5	25.5	64	85	12	115	74	18	12	7	5	26	15	8	8	9	2	15	7	5	4	3	3
1999	28	17.6	26.7	72	63	20	104	70	14	11	14	10	9	6	13	7	22	8	3	3	2	2	7	5
1999	29	17.3	26.1	76	59	16	112	73	16	12	12	6	23	18	8	6	11	6	6	6	0	0	10	4
1999	30	17.7	26.9	58	92	1	124	98	8	8	14	11	19	16	17	16	16	10	2	1	7	7	18	15
1999	31	20	27.8	56	79	11	127	93	5	4	14	13	29	25	11	10	17	8	5	3	11	11	16	4
1999	32	15.6	22.3	74	44	34	123	84	14	12	9	7	28	18	3	3	22	9	4	4	13	8	9	9
1999	33	14.7	20.6	73	54	29	121	91	11	6	1	1	41	29	4	2	11	9	8	4	6	6	9	6
1999	34	15.8	21.7	69	58	5	110	97	17	16	11	9	25	20	9	8	12	9	5	5	12	12	1	1
1999	35	16.2	24.3	70	58	10	115	91	9	9	15	11	28	17	4	3	10	7	15	13	3	3	2	2
1999	36	17.6	24.6	70	62	0	114	75	17	7	13	12	14	10	22	19	17	4	3	2	0	0	12	7
1999	37	15.9	22.4	73	39	7	110	68	11	6	14	10	16	12	10	9	15	7	6	4	6	2	2	1
1999	38	15.7	20.8	87	28	44	134	86	9	6	12	8	24	19	13	12	18	4	10	8	6	2	19	15
1999	39	12.9	17.5	87	23	73	125	82	7	4	13	7	27	23	8	7	19	13	7	3	10	9	13	5
1999	40	10.5	15.4	83	33	23	117	81	18	13	5	3	30	20	5	3	18	12	6	5	9	5	6	5
1999	41	8.6	14.2	73	44	4	121	76	10	7	9	4	30	22	7	7	13	4	9	2	9	2	9	7
1999	42	7.3	11.1	83	19	9	108	61	12	6	5	3	30	21	8	6	13	6	8	3	8	4	2	1
1999	43	10.1	13.8	86	25	9	128	53	23	6	8	6	24	13	14	9	13	0	15	9	1	1	6	2
1999	44	8.9	14	87	15	5	119	49	13	1	22	16	13	8	12	1	19	7	10	5	3	0	7	5
1999	45	5.5	11.1	86	26	2	118	30	6	1	13	4	21	9	11	4	14	0	7	0	7	2	8	2
1999	46	1.6	5.4	84	12	11	126	35	8	5	15	2	15	2	12	11	17	2	7	1	3	0	20	7
1999	47	5.8	9.9	93	3	8	120	35	12	3	12	2	31	10	7	4	13	7	7	6	12	0	8	0
1999	48	3.9	10.1	87	11	40	126	42	11	4	14	1	35	5	3	1	15	2	7	4	7	1	7	3
1999	49	5.2	9.5	92	6	42	114	49	13	2	6	3	36	19	9	6	17	4	3	1	5	0	6	3
1999	50	0.1	6	90	10	18	118	37	17	1	3	0	36	9	6	1	17	1	9	5	2	1	5	1
1999	51	1.6	7.3	93	11	39	105	35	17	3	8	1	10	2	6	0	15	5	15	10	6	3	3	0
1999	52	1.7	6.4	96	5	7	98	33	3	1	7	1	23	12	12	4	12	3	15	6	6	0	5	0
2000	1	4.3	7.5	92	15	10	124	37	7	0	22	6	22	9	10	4	18	3	3	1	2	2	15	4
2000	2	3.2	7.6	92	9	9	126	49	13	4	12	6	15	1	14	9	11	2	6	1	7	2	15	6
2000	3	0.9	8.3	77	26	3	132	29	7	2	17	1	36	2	11	7	14	1	6	6	12	4	1	0
2000	4	3	7.9	89	12	31	124	26	11	2	6	3	29	8	6	0	16	3	7	3	10	1	4	1
2000	5	5.2	8.4	90	15	15	111	33	22	6	5	0	29	15	4	2	15	1	6	6	8	0	8	2
2000	6	4.4	7.2	88	14	25	114	30	10	1	5	1	38	11	7	3	8	2	11	1	6	2	4	1
2000	7	1.3	6.6	86	23	15	120	28	10	1	6	0	22	5	12	1	21	6	5	2	8	2	10	2
2000	8	3	8.2	85	24	14	121	26	11	1	20	5	18	8	6	1	21	2	11	1	2	1	9	2
2000	9	3.5	8.5	77	28	25	122	37	11	3	7	0	24	11	11	5	20	5	9	0	4	2	20	5
2000	10	3.9	9	85	12	24	127	37	11	2	14	8	23	5	14	8	13	1	8	6	7	0	7	4
2000	11	3.8	8.8	77	24	8	123	38	14	4	15	0	24	11	13	5	7	1	3	2	8	1	7	0
2000	12	4.7	11.8	78	32	12	101	33	11	3	6	0	28	8	2	1	11	3	5	2	10	2	5	1
2000	13	3.8	10.2	78	30	3	107	28	15	5	6	1	31	9	9	3	17	1	6	1	5	2	5	1
2000	14	5.3	12.8	66	49	5	123	23	8	1	11	1	32	7	10	4	17	0	10	5	6	2	7	0
2000	15	5.9	10.7	77	23	11	122	15	10	3	3	0	21	2	4	1	24	2	10	0	4	2	11	2
2000	16	9.7	17.6	78	33	17	82	11	7	3	17	0	12	2	5	1	13	2	11	0	4	0	4	0
2000	17	12.9	23.7	75	54	8	108	29	10	0	3	0	14	5	16	4	9	2	10	4	5	0	34	13
2000	18	12.3	19.7	62	74	0	121	32	12	5	23	8	27	4	6	1	14	4	5	2	3	1	14	2
2000	19	14	23.3	48	103	0	127	27	15	4	8	0	27	2	15	5	10	0	4	2	10	1	4	3
2000	20	13.3	26.1	66	68	12	113	29	14	0	8	2	20	8	14	6	16	2	3	0	12	0	2	2
2000	21	11.7	16.6	74	44	37	116	38	13	3	1	0	29	10	12	7	18	5	9	3	8	1	6	3
2000	22	10.8	17	74	54	13	113	47	3	0	14	9	26	10	9	5	17	5	13	1	4	4	4	3
2000	23	13.1	22.8	73	59	14	120	49	7	4	13	10	24	10	4	2	14	1	13	5	6	3	8	4
2000	24	13.1	20.5	67	64	1	102	66	14	11	15	11	16	11	6	6	14	2	13	9	4	4	6	3
2000	25	17.3	29.1	72	63	21	117	61	6	3	11	7	18	7	6	5	12	8	15	7	3	3	31	12
2000	26	12.6	19.3	77	32	8	124	62	16	11	11	7	33	14	8	7	13	1	8	3	4	0	14	7
2000	27	14.4	22.7	68	59	10	118	62	19	14	10	5	18	8	13	5	17	5	3	0	9	7	4	0
2000	28	14.1	20.2	74	54	17	118	73	10	6	1	0	18	13	15	9	16	12	12	5	11	5	3	2
2000	29	15.4	23.3	77	45	6	132	48	5	0	8	3	37	23	7	3	26	6	11	4	5	2	6	3
2000	30	16.2	22.8	80	28	8	108	43	7	3	16	4	21	10	18	8	8	1	4	1	3	1	6	2
2000	31	15.7	21.4	77	44	14	125	71	5	3	9	3	22	12	9	2	23	17	16	6	7	5	17	13
2000	32	14.7	21.3	70	52	6	114	71	11	6	19	18	22	17	1	1	11	5	15	4	2	2	15	8
2000	33	16.3	23.5	74	44	16	116	72	17	13	10	7	25	16	3	2	15	9	6	5	9	6	15	2
2000	34	14.8	21.9	63	67	4	113	67	15	10	7	5	28	11	3	3	13	7	4	2	7	4	15	10
2000	35	13.9	20	76	37	27	120	76	14	3	12	7	13	10	17	14	9	5	9	5	8	4	3	1
2000	36	13.6	19.1	72	35	14	114	56	6	5	8	6	26	11	8	8	20	7	8	4	6	6	0	0
2000	37	13.1	17.6	81	19	32	105	48	8	3	10	6	21	12	11	8	16	4	9	5	4	1	6	3
2000	38	12	17.6	69	54	0	120	54	8	1	13	8	28	14	18	11	17	3	7	5	4	2	5	2
2000	39	13.5	20.6	82	37	10	124	61	8	2	13	12	24	12	10	6	13	4	15	3	7	6	15	5
2000	40	11.7	17	83	27	13	117	52	15	7	20	15	18	11	4	3	11	3	13	0	2	2	17	7
2000	41	10.3	14.9	87	20	13	118	49	19	8	5	4	26	12	3	1	13	5	6	3	11	6	17	6
2000	42	11.2	15.4	86	20	2	115	51	7	1	11	2	27	15	3	3	13	2	9	2	12	4	10	7
2000	43	10.6	15.1	86	18	47	121	56	9	3	16	7	14	8	15	10	21	3	3	0	5	2	5	3
2000	44	7.9	11.8	86	16	37	120	31	9	2	8	3	27	6	14	10	19	5	10	0	4	2	3	1
2000	45	8	10	89	7	33	109	24	6	1	12	3	32	5	3	3	9	2	11	4	2	1	5	1
2000	46	6.2	9.8	92	13	26	111	36	13	2	9	2	22	4	14	7	14	3	5	0	7	5	10	6
2000	47	6.1	8.5	92	9	9	132	58	16	5	13	7	25	12	14	9	15	5	15	3	8	5	11	3
2000	48	7.7	11.1	94	8	18	134	48	21	10	14	6	29	8	9	7	12	2	12	7	9	3	8	0
2000	49	7.6	10.2	92	6	18	120	32	9	2	4	1	20	4	1	0	18	4	12	4	13	4	21	2
2000	50	6.5	11	90	6	32	118	47	6	1	16	5	27	16	3	2	16	3	4	0	7	1	11	6
2000	51	-0.1	4.5	90	15	2	112	39	14	5	12	5	10	2	18	11	16	1	6	1	2	0	8	3
2000	52	-1.2	2.3	90	11	11	59	15	0	0	5	1	22	4	12	7	6	0	7	2	0	0	2	1
2001	1	3.9	6.3	92	1	23	91	19	7	0	6	1	27	9	5	2	13	4	7	2	3	0	4	1
2001	2	0.7	5.5	91	21	3	120	30	12	0	9	2	32	11	11	3	15	2	6	1	4	3	8	2
2001	3	-0.5	1.8	91	3	2	126	35	16	1	16	5	27	9	7	5	6	0	23	6	8	2	6	3
2001	4	2.7	7.3	93	4	18	131	36	22	8	7	0	26	4	9	7	19	5	9	5	7	1	14	4
2001	5	-2.2	4.1	86	17	5	112	29	8	1	11	5	14	3	7	5	19	1	6	1	9	2	17	7
2001	6	1.9	8.1	91	10	35	107	38	9	2	13	3	12	6	6	4	14	4	6	4	8	3	6	1
2001	7	3.2	8.6	87	26	3	106	28	4	1	14	5	19	8	10	3	16	3	9	2	0	0	11	2
2001	8	0.3	6.4	77	30	4	113	24	12	2	4	0	33	2	12	4	12	1	7	4	0	0	7	2
2001	9	-2.7	2.1	84	17	5	93	15	7	1	6	1	22	3	9	2	15	2	5	2	4	0	9	0
2001	10	3.2	8.9	86	19	15	115	44	19	6	11	4	23	9	11	5	8	1	14	6	5	4	6	1
2001	11	2.3	8	82	25	12	127	28	15	1	21	4	23	4	8	6	16	3	13	0	8	0	3	1
2001	12	-0.6	4.2	68	40	2	115	27	14	1	3	2	18	2	5	0	14	3	12	8	14	5	19	0
2001	13	3	10.5	76	34	9	113	20	6	0	15	1	14	2	10	5	22	1	7	2	12	1	9	2
2001	14	6.4	13.4	85	23	19	122	32	8	0	21	1	19	1	8	5	16	4	7	0	0	0	10	2
2001	15	3.5	11.2	62	47	5	70	9	6	0	4	0	20	1	10	0	7	1	11	3	0	0	2	0
2001	16	4.1	10.7	70	47	7	94	14	6	0	5	0	29	7	12	2	14	3	4	0	2	0	5	0
2001	17	7.7	13.1	79	30	30	119	17	13	4	8	1	25	3	13	0	10	0	7	4	2	1	15	2
2001	18	8.8	17	66	67	7	95	27	10	1	11	2	17	0	10	4	10	2	5	2	8	1	5	2
2001	19	12.9	22	51	86	1	102	15	6	1	15	4	29	1	2	2	13	0	11	1	4	0	3	1
2001	20	11.1	19.1	73	52	14	132	28	19	3	8	1	19	3	5	3	22	5	13	7	14	2	14	0
2001	21	12.1	18.9	57	80	1	91	30	6	2	10	2	13	2	4	4	12	6	4	1	13	0	16	5
2001	22	11.4	17.8	82	28	31	116	41	5	2	14	2	20	4	9	4	20	2	7	0	0	0	8	1
2001	23	10.7	16.2	71	56	12	78	23	8	5	12	3	22	0	11	7	6	1	7	4	0	0	4	1
2001	24	11.6	17.7	66	74	9	129	41	9	3	11	4	34	12	13	8	16	4	9	0	2	0	11	3
2001	25	13.6	19.7	72	56	9	120	51	15	8	6	4	25	12	15	6	11	1	7	1	5	0	13	8
2001	26	16.6	23.8	71	68	12	129	41	13	4	16	1	21	2	19	8	14	5	12	7	7	2	4	1
2001	27	19.9	28.3	62	89	5	123	60	12	2	20	11	29	9	5	3	9	7	8	5	13	3	6	4
2001	28	15.6	21.9	72	53	31	123	72	7	4	8	7	12	8	4	3	21	9	7	6	16	12	20	3
2001	29	16.2	23	67	61	8	123	96	13	11	14	12	21	13	8	7	16	11	9	9	0	0	14	12
2001	30	18.7	25.4	62	83	3	123	93	14	10	13	11	22	19	11	9	14	10	12	9	0	0	11	11
2001	31	16.3	22.8	69	51	18	112	92	6	4	13	11	37	33	13	13	10	6	6	4	2	2	4	4
2001	32	15.3	20.5	73	53	46	116	104	21	19	6	5	30	25	10	10	13	11	2	2	3	3	11	11
2001	33	18.8	28.6	72	54	7	111	81	9	6	9	6	20	14	14	13	12	10	11	9	8	4	8	6
2001	34	18.5	25.6	72	49	19	119	100	10	9	21	15	24	20	9	9	12	7	8	8	16	16	4	3
2001	35	15.1	20.7	72	46	7	126	106	6	5	11	7	13	10	6	6	22	19	15	12	12	12	12	11
2001	36	13.3	19.3	75	35	35	113	88	11	7	10	6	24	21	3	3	15	9	6	4	2	2	12	7
2001	37	12.2	17.6	79	35	31	114	84	14	8	8	6	22	13	8	6	12	8	9	6	0	0	11	9
2001	38	12.9	16.8	85	18	49	129	97	6	5	18	13	40	34	13	11	15	9	8	6	0	0	12	10
2001	39	11.3	15.6	84	12	16	117	64	20	4	16	7	22	15	13	12	11	5	0	0	4	4	8	7
2001	40	13.3	17.5	85	26	25	126	62	7	2	16	12	29	11	17	15	13	5	10	1	2	0	12	7
2001	41	13.3	17.7	85	19	21	120	54	10	2	14	9	24	7	9	6	15	4	9	7	22	12	2	1
2001	42	11.5	17.4	86	17	1	144	67	10	5	13	2	23	7	6	3	24	12	10	3	16	11	16	10
2001	43	10.2	14	85	10	10	125	58	8	3	11	4	32	18	11	6	13	2	14	7	2	0	9	4
2001	44	10	14.7	83	15	15	192	90	28	10	17	15	38	14	16	8	16	4	16	3	3	3	10	3
2001	45	5.2	10.6	80	25	23	207	60	23	1	20	5	48	15	11	10	28	2	16	8	1	1	24	4
2001	46	5.2	10.5	82	24	4	210	67	18	1	38	9	34	11	25	18	18	3	6	0	6	2	26	6
2001	47	4.4	10.1	83	19	19	222	45	19	4	31	4	40	5	22	11	27	8	15	1	19	5	17	5
2001	48	3.6	7.2	91	12	16	215	53	19	2	24	4	30	6	17	10	37	9	13	6	28	6	16	4
2001	49	2.8	7.8	93	7	9	163	55	18	5	13	6	33	10	14	10	19	3	15	6	19	5	14	6
2001	50	1.4	6.7	92	11	1	151	46	15	5	8	2	41	4	11	3	13	2	32	19	2	1	9	3
2001	51	-0.1	6.1	83	12	17	107	42	17	3	8	4	31	14	13	11	5	1	3	0	0	0	1	1
2001	52	-1.8	4.9	92	5	27	38	10	2	0	0	0	6	2	4	3	4	0	5	2	2	0	1	0
2002	1	-1.6	5.7	84	21.6	3	98	18	5	0	17	7	23	2	3	2	10	2	6	1	1	0	16	2
2002	2	1.7	4.8	94	2.8	1	123	28	9	0	16	1	21	4	8	7	14	6	5	0	3	1	12	3
2002	3	3.4	7.2	95	3.2	19	123	41	16	2	18	9	19	3	15	9	16	7	6	2	6	2	14	4
2002	4	4.8	8.2	88	6.3	47	124	31	10	1	25	5	13	1	10	6	17	5	7	2	16	5	6	1
2002	5	7.2	11.2	83	15.6	27	125	29	12	3	9	3	15	3	11	1	14	1	6	0	16	8	19	2
2002	6	6.3	9.2	87	12.2	29	118	26	10	1	8	3	29	5	7	3	15	1	15	4	3	0	6	0
2002	7	3.9	9	83	24.3	9	126	50	12	0	3	1	32	9	18	13	12	0	9	3	1	0	2	2
2002	8	1.1	6.6	81	30.2	36	120	42	15	1	14	1	29	12	10	5	9	1	9	5	0	0	5	1
2002	9	2.4	7.4	82	23.2	34	148	44	5	1	17	0	28	10	12	7	24	5	11	4	10	2	12	4
2002	10	5.4	9.1	79	31.7	21	135	38	10	4	19	1	16	0	11	9	15	3	7	5	9	2	20	4
2002	11	3.9	10	75	28	4	120	34	18	3	26	4	15	3	10	4	7	4	6	5	15	4	8	2
2002	12	3.8	10.7	73	42.5	9	120	36	10	1	13	2	12	2	10	4	22	4	3	0	16	9	14	3
2002	13	4.9	14.2	64	49.1	0	74	15	4	0	8	6	12	1	5	0	9	0	12	3	3	3	7	0
2002	14	6.5	16.2	58	55.8	0.25	98	24	9	0	5	4	29	3	7	7	8	0	21	3	1	1	7	1
2002	15	6.4	12.1	64	37.4	1	126	37	13	0	9	1	35	11	18	4	11	1	14	4	0	0	0	0
2002	16	6.5	15.1	78	24	2	118	22	8	2	15	0	27	2	11	3	18	4	6	0	3	1	6	2
2002	17	9.1	16.2	73	32.4	17	102	8	6	0	13	1	13	0	4	0	18	2	8	1	10	1	14	0
2002	18	9.6	14.4	77	14.8	22	101	22	15	0	11	0	22	8	6	1	4	1	4	4	6	1	6	0
2002	19	13	21.6	66	71.5	1	91	10	7	1	19	1	10	1	8	3	14	1	8	1	5	2	8	0
2002	20	12.5	19.4	68	NA	6	131	21	13	0	12	0	17	0	11	7	23	1	9	4	13	4	10	1
2002	21	14.3	22.5	70	69.3	17	114	36	13	3	18	9	17	5	12	11	3	0	3	2	11	1	19	1
2002	22	13.8	20.5	68	72.3	12	121	35	14	2	8	1	40	16	9	9	15	1	14	3	3	1	5	1
2002	23	17.6	23.9	56	NA	1	104	46	9	2	7	1	26	10	11	6	8	5	20	7	0	0	2	2
2002	24	14.4	20.8	74	64.9	37	117	66	11	10	13	6	21	5	13	9	13	4	8	5	4	2	1	1
2002	25	16.8	27.2	70	NA	39	121	73	11	9	7	6	21	13	12	9	16	11	14	6	8	5	13	7
2002	26	13.9	18.8	71	NA	24	113	66	10	8	19	12	12	8	5	5	14	4	6	5	2	2	16	13
2002	27	14.3	19.1	78	NA	36	131	70	8	7	26	12	20	13	9	5	19	4	6	5	13	8	7	2
2002	28	17.9	27.6	68	78.2	34	130	66	21	10	17	11	22	6	8	6	13	7	7	4	11	6	13	3
2002	29	17.6	25.3	70	NA	29	136	93	9	4	14	11	44	25	13	12	10	9	12	9	2	0	16	13
2002	30	16.4	26.4	72	NA	12	119	88	5	4	8	4	31	20	8	8	10	9	24	21	1	1	5	4
2002	31	20.8	28.7	71	NA	31	134	96	11	6	18	14	16	8	19	19	20	9	7	3	8	4	0	0
2002	32	19.4	25.3	65	NA	15	103	84	15	13	5	4	22	17	9	9	5	5	12	6	11	11	6	4
2002	33	19.6	26.7	68	71	6	125	88	6	4	19	17	8	4	6	6	20	13	9	3	4	4	17	11
2002	34	20.8	27.3	61	80.5	9	124	98	5	4	13	12	22	21	7	7	21	15	4	1	15	9	8	6
2002	35	18.1	24.5	68	NA	12	122	85	10	7	21	17	26	21	4	4	6	1	6	5	13	9	18	8
2002	36	17.5	24.1	64	NA	10	123	89	17	14	12	9	34	27	12	12	9	7	13	4	0	0	13	6
2002	37	16.5	23.9	61	NA	0.25	121	89	15	11	12	6	33	28	11	10	9	8	22	10	0	0	2	2
2002	38	12.9	19.7	68	NA	17	136	97	9	7	14	9	33	21	11	11	11	9	9	2	9	6	11	8
2002	39	11.4	17	70	NA	5	122	81	11	4	6	4	24	13	12	12	17	11	8	4	8	5	4	1
2002	40	11.3	18.5	76	40.8	19	122	63	5	4	16	5	9	3	8	6	21	7	9	7	5	5	10	6
2002	41	6	9.5	70	NA	5	121	62	6	3	14	7	19	12	7	3	18	11	10	3	10	6	15	5
2002	42	4.5	9	83	NA	34	117	69	12	5	20	11	19	11	4	2	18	10	1	0	14	10	10	9
2002	43	7.8	12.1	85	NA	51	113	51	15	8	18	9	15	5	8	5	9	3	12	2	0	0	14	7
2002	44	5.3	9.9	80	NA	9	122	60	14	2	12	4	43	17	11	10	6	6	17	10	0	0	3	3
2002	45	3.2	7.7	82	NA	23	118	42	18	4	17	5	23	14	14	10	11	0	9	3	7	2	2	0
2002	46	5.9	9.3	92	NA	25	118	46	8	0	11	1	26	8	17	15	16	3	11	3	8	5	4	0
2002	47	2.8	7.5	85	NA	15	71	30	6	0	5	5	8	0	6	6	8	0	3	1	0	0	9	2
2002	48	4.6	7.4	92	NA	20	112	30	3	1	13	0	15	2	6	2	16	1	7	2	8	1	16	3
2002	49	2.5	6	83	NA	2	106	22	14	1	11	1	23	5	4	2	16	0	6	2	11	3	7	4
2002	50	-1.2	1.5	81	NA	0.25	114	35	15	6	24	8	18	7	6	2	4	0	7	2	4	0	17	4
2002	51	-0.3	4.7	88	8.3	0.25	103	22	9	2	12	0	23	2	6	0	9	0	9	5	1	0	8	1
2002	52	0.4	4.3	85	NA	28	33	7	9	0	0	0	8	2	6	3	2	0	0	0	6	0	1	1
2003	1	-5.4	0.6	85	NA	11	68	16	7	0	4	2	19	3	9	8	8	0	4	0	8	1	2	0
2003	2	-3.4	4.3	91	4.7	4	107	32	10	0	12	0	15	5	16	12	16	4	10	2	10	2	4	0
2003	3	4.5	7.1	88	NA	6	121	26	8	0	11	1	26	2	9	5	20	6	8	2	5	1	7	0
2003	4	4.1	7.5	93	NA	15	107	25	8	3	3	1	16	3	7	2	16	0	6	0	6	1	9	2
2003	5	-0.8	8.2	84	NA	21	116	32	17	2	9	4	21	4	6	0	11	2	5	1	9	4	11	4
2003	6	-0.3	2.8	90	NA	4	105	20	10	1	22	8	9	0	12	5	8	0	9	3	5	0	17	0
2003	7	-2.4	2.2	84	NA	0	107	15	14	0	14	3	23	2	8	3	5	1	3	0	4	0	12	0
2003	8	-1.1	5.2	83	NA	0	123	12	18	0	9	1	24	1	8	0	10	0	16	4	11	2	6	1
2003	9	-1	6	82	NA	1	99	27	8	1	11	0	27	0	7	6	15	9	8	5	6	2	5	0
2003	10	1.8	6.8	85	NA	10	102	14	6	0	6	0	14	0	15	9	16	0	3	0	6	0	8	1
2003	11	4.2	12.1	70	NA	5	118	16	9	1	7	0	23	5	8	1	21	1	15	1	4	1	4	0
2003	12	3.2	5	60	NA	0	108	18	14	2	9	0	19	0	6	2	14	0	3	0	5	0	12	2
2003	13	5.5	4	0	NA	0.25	104	14	19	0	17	6	11	0	10	0	4	0	8	0	6	0	10	3
2003	14	4.4	10.8	0	NA	4	105	14	8	1	23	6	15	0	10	2	3	0	7	2	4	0	15	0
2003	15	3	11.4	65	NA	8	120	18	9	0	12	1	21	3	13	0	18	5	11	0	6	1	13	0
2003	16	8.9	18	51	NA	0	70	9	6	0	5	0	18	1	6	0	8	5	8	1	8	0	3	0
2003	17	9.9	19.1	58	NA	19	88	12	16	0	6	1	26	3	2	1	8	0	6	3	7	1	5	1
2003	18	10.8	17.4	76	NA	37	73	11	7	1	9	0	5	0	6	5	19	4	3	0	4	0	7	0
2003	19	10.8	18.5	65	NA	5	97	11	13	1	5	0	13	1	7	4	12	0	16	2	3	0	0	0
2003	20	9.4	13.8	74	NA	23	81	10	7	2	9	0	19	1	4	0	13	4	1	0	2	0	0	0
2003	21	12.2	18.8	80	NA	36	94	15	19	4	11	2	21	6	10	1	6	2	9	0	2	0	4	0
2003	22	14.2	22	61	NA	0	64	4	6	0	12	0	6	0	3	0	6	1	8	2	0	0	10	0
2003	23	17.1	24.6	73	NA	30	80	5	6	0	12	2	14	0	2	0	9	0	5	0	6	1	8	2
2003	24	14.7	19.9	72	NA	10	76	21	7	5	11	1	12	2	6	1	8	3	3	0	2	0	7	1
2003	25	14.7	20.8	70	NA	11	102	52	10	9	3	1	35	14	5	2	21	9	5	0	9	5	7	7
2003	26	16.3	24.3	72	NA	23	91	51	16	13	10	3	8	2	10	10	16	8	9	5	1	0	7	3
2003	27	15.8	22.1	81	36.1	42	98	43	16	9	6	3	17	3	7	6	4	3	4	3	2	2	3	3
2003	28	16.4	22.8	69	NA	3	104	72	11	8	7	2	8	4	12	11	18	14	18	15	8	8	0	0
2003	29	20.4	27.8	68	NA	7	94	52	12	4	7	3	23	9	7	7	5	4	7	7	2	0	14	10
2003	30	18.7	25.2	72	NA	26	111	80	8	5	20	16	25	15	2	2	12	9	6	2	2	2	11	7
2003	31	19.2	27.2	58	NA	6	100	84	7	5	10	8	10	7	6	6	13	11	8	6	12	11	6	6
2003	32	20.2	29.2	52	NA	0	101	77	13	13	4	2	34	25	3	2	22	15	1	1	3	3	4	4
2003	33	18.6	28.7	60	NA	5	108	79	25	19	10	4	14	8	7	7	10	10	11	6	7	7	13	8
2003	34	17.3	23.9	68	NA	8	100	86	5	5	12	8	14	11	9	9	5	2	2	1	4	4	3	3
2003	35	14	22.7	64	NA	23	95	72	16	10	5	4	13	9	11	10	10	6	17	11	5	4	4	4
2003	36	14.6	21.6	68	NA	9	103	59	7	4	10	6	19	12	14	12	11	2	7	4	0	0	16	8
2003	37	14.3	20.3	75	NA	18	111	74	4	0	29	22	17	12	7	4	12	8	8	5	2	2	9	5
2003	38	16.2	22.7	72	NA	5	96	47	10	5	6	2	16	9	3	3	12	2	8	4	13	7	7	7
2003	39	12.1	23.1	63	NA	7	100	68	15	13	1	0	28	21	7	7	21	10	4	0	1	1	2	2
2003	40	9.7	15.9	70	NA	7	100	42	25	9	10	5	23	7	7	5	14	2	3	1	2	0	8	5
2003	41	9.4	14.3	76	NA	26	103	33	8	3	13	2	14	5	5	3	6	2	13	3	3	0	10	0
2003	42	5.6	11.9	72	NA	8	99	31	13	2	7	2	18	2	9	6	8	0	9	0	6	5	0	0
2003	43	2.3	8.3	70	36.4	7	104	20	7	1	11	2	15	4	8	3	6	2	17	1	0	0	21	4
2003	44	6.8	10.5	87	10.4	20	100	29	10	1	27	3	15	6	5	5	16	3	5	3	6	1	3	0
2003	45	7	11.8	86	NA	5	94	37	10	6	7	3	12	8	10	5	20	2	3	2	8	4	7	1
2003	46	5.3	9	88	11.6	6	101	29	12	0	0	0	27	13	6	3	19	2	7	4	5	2	7	1
2003	47	8	11.5	93	4.3	31	104	30	22	9	6	2	26	11	4	4	14	0	6	2	1	0	13	1
2003	48	5.5	8.8	92	11.5	5	97	17	12	0	14	3	20	5	3	2	4	0	8	2	2	1	5	0
2003	49	3.3	9.8	84	NA	1	101	19	7	0	13	1	15	2	9	4	7	1	12	4	5	1	0	0
2003	50	4.2	8.4	85	10.4	20	75	14	15	1	3	0	7	0	7	3	4	2	5	0	3	2	18	1
2003	51	3.8	8	89	6.6	25	105	18	6	0	30	1	12	0	0	0	16	0	12	2	8	2	6	6
2003	52	-1.8	3.6	87	12.8	4	48	10	10	1	4	0	13	6	0	0	6	1	0	0	3	0	4	1
2004	1	-1.8	3.6	87	12.8	4	65	7	6	3	1	0	24	3	6	0	17	0	1	0	0	0	1	0
2004	2	1.2	6.1	92	5.2	28	102	18	9	0	1	0	28	7	9	5	17	2	8	0	6	1	7	0
2004	3	1.5	5.1	92	6.9	33	111	31	21	6	14	2	16	5	13	10	7	0	10	4	0	0	9	3
2004	4	-1.3	3.9	84	7.9	5	107	13	7	1	11	0	14	5	10	5	4	0	6	0	2	0	7	0
2004	5	-1.3	5.7	91	15.4	37	97	16	19	2	10	3	24	1	5	0	4	0	11	2	6	3	8	2
2004	6	5.6	9.9	92	6.7	20	112	17	10	0	11	1	7	0	4	0	19	0	16	3	10	3	14	4
2004	7	1.4	6.9	86	19.3	6	97	22	12	7	22	5	11	1	4	0	10	2	6	0	2	0	10	2
2004	8	1.1	4.3	75	38	1	95	26	7	0	5	1	34	12	0	0	24	3	4	0	4	3	5	1
2004	9	0.1	3.8	79	32.2	8	92	33	16	7	3	1	16	10	13	6	12	0	9	4	2	0	3	0
2004	10	0.6	7.5	68	38.4	0	97	11	11	2	20	0	10	1	12	6	5	0	8	0	2	0	9	0
2004	11	2.7	9.4	78	20.9	11	92	4	7	0	3	0	22	1	9	0	6	0	11	0	2	0	1	1
2004	12	6.9	13.1	83	26.3	35	101	12	17	0	13	1	17	7	5	0	8	2	6	0	7	0	7	2
2004	13	3.3	9.4	77	28.1	5	108	18	10	6	21	4	9	0	5	0	14	3	17	0	5	0	15	2
2004	14	5.9	12.7	72	46	6	94	5	9	0	8	0	16	0	1	0	18	1	8	1	4	0	8	0
2004	15	5.4	11	76	35.9	14	61	4	8	0	9	0	18	3	0	0	15	0	0	0	2	0	4	0
2004	16	8.9	17	63	58.2	1	82	21	14	6	1	0	22	7	6	2	13	0	6	0	3	1	3	0
2004	17	9.3	15.9	73	36.4	16	102	11	15	5	19	0	14	0	14	4	3	0	8	2	4	0	3	0
2004	18	10.3	18.2	65	47.1	8	93	1	12	0	9	0	21	0	9	0	8	0	9	0	2	0	3	0
2004	19	12.8	21.1	77	31.2	19	81	11	7	1	12	1	4	0	11	0	6	0	4	3	6	3	4	0
2004	20	11	19.6	72	35.7	2	103	16	12	1	10	0	17	6	7	2	6	1	18	0	5	0	17	4
2004	21	9.8	17.3	63	65.4	4	89	10	6	0	14	0	19	1	5	0	13	0	5	2	5	2	11	0
2004	22	11	19.7	64	50.5	3	92	12	14	4	12	2	10	0	1	0	20	4	8	0	2	0	9	0
2004	23	13.8	20.9	61	73.3	3	85	22	14	8	3	2	30	3	6	4	17	2	3	0	0	0	4	0
2004	24	14.8	21.6	72	48.1	11	74	29	11	2	18	9	15	7	4	3	6	1	4	2	4	1	2	1
2004	25	12	18.5	73	35.8	18	100	36	16	6	8	1	13	4	12	7	11	4	15	6	2	0	5	2
2004	26	13.1	17.8	79	27.6	35	103	42	9	3	20	8	15	5	10	2	3	0	5	4	6	0	2	0
2004	27	13.9	19.1	75	41.3	25	99	32	6	0	8	1	10	2	17	8	13	5	13	6	6	0	11	2
2004	28	14.2	20.7	75	35.5	25	109	31	11	3	14	5	21	6	3	1	10	1	12	2	6	2	18	6
2004	29	14.8	21.7	71	39.9	13	100	25	24	3	3	3	13	5	4	2	22	2	10	2	0	0	5	2
2004	30	15.5	21.6	77	32.5	15	100	21	14	2	11	6	31	4	1	1	18	0	6	2	3	1	6	5
2004	31	17	25.4	63	62.7	4	99	38	17	8	13	3	30	10	7	3	5	4	2	1	2	2	3	2
2004	32	20.7	27.9	75	75.2	3	103	48	11	5	18	3	15	8	3	1	6	3	13	8	3	3	4	1
2004	33	19.8	27.7	67	67.5	16	96	54	4	3	9	2	13	6	16	13	8	6	5	2	12	4	0	0
2004	34	16.6	22.7	73	37	40	95	70	9	7	20	11	9	8	14	10	15	10	6	4	6	4	9	9
2004	35	15.3	20.4	74	28.6	33	76	49	11	6	10	7	10	7	5	5	10	5	5	3	0	0	15	13
2004	36	15.4	23.7	71	50.6	20	105	55	16	6	3	2	15	6	0	0	19	10	22	16	1	1	9	6
2004	37	15.2	22.7	60	59.8	9	101	71	16	13	10	4	37	31	4	4	15	6	3	1	3	3	6	3
2004	38	13.8	18.7	70	33.1	25	98	57	8	2	16	11	25	13	10	9	4	3	9	7	2	2	0	0
2004	39	12.1	16.3	78	29.5	32	99	58	12	8	18	8	10	8	5	3	7	4	7	5	7	4	6	0
2004	40	11.4	16.2	75	36	15	91	43	11	0	8	7	11	5	11	5	9	4	4	1	10	7	0	0
2004	41	9.8	15.7	75	33.4	15	93	36	8	2	14	6	12	6	14	7	16	2	8	3	4	2	6	2
2004	42	8.2	11.3	77	25.7	30	79	17	13	2	2	0	11	4	7	2	15	0	6	1	0	0	15	2
2004	43	10.5	14.2	86	14.5	33	100	19	22	5	3	1	15	1	2	0	11	2	20	3	3	0	12	1
2004	44	8.8	14.5	85	16.8	20	96	31	9	2	8	2	39	18	2	1	15	0	3	2	1	1	2	0
2004	45	7.8	12	84	18.8	8	102	29	4	0	23	5	18	6	6	0	4	1	9	6	4	2	6	1
2004	46	5.8	10.6	84	17.8	17	98	14	17	0	12	0	19	4	3	1	12	2	2	0	2	1	3	0
2004	47	3	10.2	78	22.5	18	95	12	9	0	11	0	7	0	9	2	14	1	12	2	14	3	2	0
2004	48	5.1	9.5	90	6.9	13	91	20	17	3	10	6	6	1	17	8	11	0	7	0	2	0	7	0
2004	49	5	9.3	91	8.8	7	91	6	22	0	6	0	19	3	2	0	4	0	10	0	2	0	14	0
2004	50	5.2	9	93	10.2	0.25	107	14	11	0	4	3	19	3	7	1	16	0	14	0	1	0	21	2
2004	51	4.1	8.4	89	8.7	17	95	18	9	1	17	3	24	7	8	0	7	1	5	0	3	1	4	1
2004	52	3.1	8.9	89	9.1	37	63	15	2	0	0	0	18	5	1	0	15	2	3	2	2	2	0	0
2004	53	2.6	8.1	92	9.8	19	42	11	2	1	9	1	9	1	0	0	8	2	5	3	2	0	0	0
2005	1	6.8	9.9	84	10.3	25	93	13	12	1	14	0	18	4	11	1	8	0	6	0	7	1	4	0
2005	2	4.8	10.8	85	NA	5	100	9	22	1	15	1	5	0	6	2	15	0	12	2	10	0	7	0
2005	3	2.7	6.6	83	16.1	24	84	16	16	0	9	0	16	2	6	6	4	0	7	1	2	1	4	1
2005	4	0.3	7.1	85	21.2	2	93	7	10	0	9	0	11	0	12	1	11	0	14	2	0	0	14	1
2005	5	2.4	7	83	24	0.25	94	14	15	3	5	0	16	2	8	0	13	0	4	1	3	0	12	2
2005	6	0.7	6.4	85	26.4	29	94	23	7	1	13	2	26	7	6	0	12	3	8	3	2	1	3	0
2005	7	-0.2	4	84	15.7	5	88	13	6	1	5	0	31	7	2	0	12	2	4	1	9	1	3	0
2005	8	-1.5	2.9	81	19.3	7	100	4	11	1	17	0	14	2	10	0	17	0	12	0	4	0	8	0
2005	9	-3.3	2.4	76	40.9	7	91	17	17	2	12	3	2	0	7	2	9	0	9	2	9	1	2	0
2005	10	0.4	5.8	77	38.2	10	92	14	21	3	8	1	16	0	6	0	8	2	10	2	4	1	3	0
2005	11	2.8	8.6	81	24.9	21	95	16	5	1	9	1	19	0	6	0	14	0	6	0	2	0	17	7
2005	12	4.9	12.7	79	36.3	7	71	5	10	0	6	1	12	0	12	0	6	0	11	0	1	1	10	0
2005	13	4.9	15.8	56	79.3	0	75	16	9	0	11	0	17	4	0	0	7	4	8	2	2	0	0	0
2005	14	6.5	17.5	69	35.2	14	90	17	5	1	9	1	21	6	10	0	15	0	3	0	4	1	7	0
2005	15	9.3	17.1	74	43.6	8	94	19	8	0	10	0	23	10	5	2	12	1	11	1	8	1	5	0
2005	16	6.4	12.8	54	67.6	0.25	79	2	21	1	12	0	6	1	10	0	10	0	6	0	2	0	4	0
2005	17	9.1	14.9	68	40.1	12	92	9	17	1	9	1	10	1	3	0	10	1	5	0	7	0	4	0
2005	18	9.5	18.5	75	37.2	21	77	6	3	1	6	1	15	0	9	1	6	0	12	0	2	0	2	0
2005	19	9.1	16.9	62	63.4	8	87	14	9	3	10	2	18	3	7	2	9	0	10	1	4	0	12	0
2005	20	10.3	18.8	68	44	18	96	10	12	4	10	0	8	1	14	0	13	2	13	0	3	0	14	2
2005	21	14.4	26.1	67	57.4	3	100	18	2	0	8	1	36	6	2	0	14	3	8	0	5	1	3	0
2005	22	11.2	18.5	81	11.7	36	89	20	10	2	8	2	18	4	12	2	11	3	4	0	9	1	8	3
2005	23	11.2	18.3	65	57.7	8	101	23	21	7	12	0	12	8	10	0	12	1	9	2	7	2	5	0
2005	24	14.5	21.8	73	54.5	12	99	43	11	4	14	4	17	1	4	3	7	4	7	2	3	0	6	2
2005	25	16.9	25.6	66	77.1	5	87	29	10	3	13	6	9	0	9	2	6	2	6	1	6	2	8	4
2005	26	16.6	23.6	62	73.5	3	101	36	18	8	13	4	17	12	3	0	15	3	15	4	1	0	11	2
2005	27	18.4	27.9	66	60.8	15	96	47	5	4	8	2	17	7	13	5	10	7	10	6	4	2	11	5
2005	28	17.8	27.1	68	53.3	14	89	43	12	6	5	0	29	12	3	3	9	7	6	1	9	7	3	1
2005	29	15.9	22.7	77	27.2	30	91	72	10	9	9	9	11	10	12	9	21	13	3	3	7	7	9	7
2005	30	16.1	22.5	76	24.1	34	92	60	15	11	12	5	15	8	8	3	10	5	9	8	3	3	2	2
2005	31	14.6	21	72	34.5	22	97	56	12	7	18	8	13	8	2	1	3	0	6	5	7	2	5	3
2005	32	14.6	20.6	77	18	8	88	57	20	13	9	5	12	7	5	4	10	5	13	11	3	2	4	3
2005	33	17.2	26.3	67	62.3	0	97	39	11	3	9	5	18	7	11	5	16	4	3	1	4	1	12	9
2005	34	15.2	24	73	34.3	21	101	51	9	6	5	4	18	5	10	6	5	2	21	8	3	1	13	8
2005	35	15.5	23.8	65	68.7	4	87	49	14	11	7	1	21	18	8	8	11	3	8	0	4	0	0	0
2005	36	16.7	24.9	67	51.3	1	90	57	2	1	10	9	15	12	11	9	27	9	2	2	10	8	8	2
2005	37	12.6	19.2	68	39.7	5	103	80	16	14	24	15	16	12	0	0	1	1	5	5	6	5	0	0
2005	38	14.4	20.5	73	36.5	1	86	34	22	6	12	7	12	5	4	1	5	3	10	4	3	1	5	4
2005	39	12	18.9	80	24.3	25	101	35	7	4	15	7	18	6	9	3	19	2	9	4	5	2	5	3
2005	40	12.3	18.2	79	44.3	2	91	49	7	3	7	1	21	14	10	4	7	4	3	1	3	1	17	16
2005	41	11.1	18.2	69	53.5	0.25	82	35	13	6	3	2	11	8	7	3	6	4	9	5	2	0	10	3
2005	42	9.1	14.2	79	26.7	16	65	28	2	1	0	0	21	13	9	6	15	2	7	2	1	0	1	1
2005	43	11.5	16	85	25.2	33	62	28	4	1	15	3	12	11	0	0	7	1	1	0	8	4	6	2
2005	44	11.5	15.3	89	8.9	30	58	26	11	2	14	6	9	2	0	0	2	0	8	7	4	2	0	0
2005	45	9.6	12.8	87	12	10	83	23	12	3	14	5	10	1	3	3	9	1	8	1	2	1	7	1
2005	46	3.5	11	78	28.7	15	71	22	8	2	10	5	8	0	4	3	14	4	7	1	5	2	0	0
2005	47	3	7.7	89	11.8	15	65	13	18	4	2	0	13	3	1	1	8	2	2	0	1	1	10	1
2005	48	1.8	5.3	90	10.7	5	77	5	10	3	4	0	17	1	6	0	7	1	11	0	4	0	6	0
2005	49	4.2	9.3	93	5	9	75	10	6	2	11	1	18	3	5	0	16	1	3	1	5	0	1	0
2005	50	3.1	8.5	82	25.1	13	59	14	7	1	10	0	15	5	1	0	10	2	2	0	1	0	4	2
2005	51	3.3	7.8	90	14	9	67	12	8	0	10	2	13	1	0	0	10	2	8	0	3	0	3	3
2005	52	-0.7	2.7	90	7.4	18	47	11	10	5	8	2	4	0	4	0	5	0	3	0	4	0	1	0
2006	1	-0.8	1.8	91	7.8	0.25	64	4	8	0	8	0	6	0	3	0	7	0	10	2	7	0	3	0
2006	2	0.6	5.8	92	11.8	5	63	9	15	0	7	0	8	0	1	0	10	1	6	3	1	0	5	1
2006	3	-1.6	3	91	9.4	24	72	6	8	0	6	1	15	1	1	1	7	0	7	1	2	0	12	0
2006	4	-2.8	2.3	87	25.5	3	56	9	3	0	8	1	15	5	4	1	11	2	1	0	3	0	2	0
2006	5	0.4	4.4	90	15.2	7	66	11	10	2	8	0	16	4	0	0	14	1	3	1	0	0	2	0
2006	6	1.1	6.3	91	15.2	22	61	10	9	2	17	1	10	0	2	0	4	0	7	0	2	1	3	0
2006	7	1.4	4.6	98	8.8	19	57	6	6	0	7	0	10	1	3	0	5	0	9	3	3	0	3	0
2006	8	-0.1	3.4	83	14.8	2	67	7	11	0	15	0	6	0	1	0	7	1	9	2	4	0	0	0
2006	9	-2.1	6.3	81	28.5	9	69	17	14	2	1	0	12	3	6	2	9	4	4	1	3	0	9	2
2006	10	-3.1	2.4	75	43.1	1	70	6	6	0	5	0	19	3	0	0	11	1	8	0	5	0	7	0
2006	11	-0.9	7.2	76	32.7	0.25	73	17	7	1	10	1	18	8	3	3	15	0	3	1	5	1	1	1
2006	12	1.1	7.2	71	38.8	11	67	6	13	1	8	0	11	2	4	0	7	0	7	0	4	0	3	0
2006	13	4.4	8.6	93	7.5	28	68	11	13	1	18	2	12	1	0	0	7	0	7	0	2	2	3	0
2006	14	4	8.8	82	24.6	18	60	8	7	0	7	0	14	2	2	0	5	0	8	0	3	0	1	0
2006	15	5.9	13.1	75	29.3	9	55	10	6	1	13	2	5	1	3	0	6	1	7	1	2	1	1	0
2006	16	6.8	12.2	74	31.8	15	50	7	14	3	3	0	1	0	3	0	14	3	2	0	3	1	1	0
2006	17	8	15.8	74	34.5	6	74	5	8	0	5	0	17	0	6	0	9	0	10	0	2	0	11	5
2006	18	12.8	21.4	80	80.3	1	55	6	4	1	9	0	4	1	2	1	7	1	4	0	7	1	7	1
2006	19	12.7	22.8	87	87.4	0.25	49	6	3	0	5	0	16	5	1	1	10	0	0	0	0	0	4	0
2006	20	10.5	14.8	85	10.7	37	66	10	12	0	6	0	10	6	3	0	8	1	12	1	0	0	4	0
2006	21	10	16.6	77	34.4	32	50	5	3	0	10	0	17	1	1	0	3	0	2	0	2	1	5	2
2006	22	10.9	16.6	72	48.8	7	66	8	15	2	12	2	7	0	2	1	6	0	7	1	5	0	0	0
2006	23	14.3	25	64	84.4	0.25	41	10	6	1	3	1	1	0	1	0	6	1	4	3	5	0	0	0
2006	24	17.3	27.1	66	65.7	2	51	9	7	1	6	0	3	2	0	0	14	2	5	1	2	0	8	0
2006	25	16	24.8	71	41.8	11	67	15	12	2	12	1	6	2	1	0	8	0	9	1	6	5	7	2
2006	26	16.2	25.7	69	52.2	11	57	19	3	0	5	1	24	8	2	0	5	4	3	1	1	1	2	0
2006	27	20.7	29.3	60	73.5	4	62	32	6	2	8	6	14	9	0	0	12	5	6	3	0	0	8	3
2006	28	17.1	25	59	76.5	7	57	35	9	5	9	3	13	10	4	3	5	3	2	0	2	2	2	0
2006	29	20.7	29.7	62	70	3	50	26	12	6	8	0	9	5	1	0	3	1	2	2	4	2	0	0
2006	30	21	29.7	60	69.4	18	47	37	3	3	8	6	4	2	2	2	8	6	5	2	4	4	3	3
2006	31	19	26.5	63	54	30	53	37	8	7	5	5	8	4	1	1	6	2	6	5	4	3	2	0
2006	32	17.1	24.7	70	31	41	61	40	8	7	3	2	5	4	1	0	8	5	5	2	10	9	12	7
2006	33	17.2	23.5	76	NA	40	59	33	8	3	11	7	7	2	2	0	17	10	2	1	1	1	6	5
2006	34	16.7	22.3	75	NA	28	66	48	5	3	6	4	19	16	3	1	8	6	10	7	3	2	3	2
2006	35	15.9	21.4	74	NA	27	60	48	12	12	8	6	13	8	1	0	7	7	2	1	4	3	0	0
2006	36	14.9	20.1	73	NA	5	52	27	7	3	9	3	10	3	2	1	4	0	1	1	4	3	4	4
2006	37	17.5	23.8	68	NA	0.25	52	26	15	10	4	1	12	4	1	1	3	2	6	5	2	0	2	1
2006	38	16.3	22.7	72	48.2	1	56	26	8	6	3	0	6	4	1	1	10	5	3	0	3	0	1	0
2006	39	16	22.5	81	28.4	20	61	27	8	3	7	4	3	0	1	0	9	3	6	6	8	6	11	4
2006	40	13.6	17.5	83	NA	35	59	18	11	4	9	5	9	2	2	2	12	2	0	0	2	0	9	1
2006	41	12.2	16.8	82	25	1	60	34	2	0	2	2	17	11	2	2	11	3	10	6	1	0	3	2
2006	42	12.2	16.1	88	13.6	33	52	26	7	5	8	1	16	7	3	3	4	0	2	1	4	2	0	0
2006	43	11.1	16.8	83	13.7	30	58	14	10	2	10	0	12	2	1	1	5	1	3	1	3	1	4	0
2006	44	9.8	13.8	81	17.5	22	54	13	11	2	5	2	10	1	0	0	5	1	3	0	2	1	4	0
2006	45	10.5	12.8	83	17	34	52	21	11	7	2	1	8	2	2	1	8	3	2	2	2	0	3	2
2006	46	10.7	13.1	89	9.7	17	68	18	9	2	12	1	3	2	2	1	9	2	9	2	7	5	4	0
2006	47	9.8	14	91	7.1	26	66	19	8	1	10	0	7	1	4	3	13	4	2	2	3	2	12	1
2006	48	10.1	11.5	93	9.9	20	54	20	3	1	4	2	13	3	2	0	8	3	10	5	1	1	5	1
2006	49	9.8	12.5	88	10.4	36	23	5	3	2	1	0	6	1	1	0	0	0	1	0	2	0	1	0
2006	50	8.8	11.1	90	7.4	37	28	4	3	0	2	1	6	0	4	1	0	0	2	0	2	2	2	0
2006	51	6.5	9.2	90	9.2	1	18	9	2	0	1	0	3	1	0	0	3	0	0	0	2	2	0	0
2006	52	5.9	9.8	90	4.9	25	9	4	2	1	1	0	1	0	0	0	0	0	0	0	2	2	0	0
2007	1	6.7	9	88	6.1	19	19	5	5	1	2	0	3	0	1	0	1	1	1	0	0	0	1	0
2007	2	7.6	11.1	87	6.2	39	23	6	1	1	4	0	1	0	6	2	1	0	1	0	2	0	2	0
2007	3	5.4	9.4	89	7.1	53	21	11	4	3	3	3	0	0	1	1	3	1	0	0	1	0	1	1
2007	4	0	7.1	81	24.3	10	26	7	2	0	0	0	4	1	0	0	5	1	4	2	4	0	1	0
2007	5	5.7	8.6	88	15.9	10	34	13	8	3	2	0	7	1	3	2	2	0	2	1	1	0	2	0
2007	6	0.2	5.3	83	20.4	7	55	11	8	1	16	1	5	0	1	1	11	0	3	1	5	1	0	0
2007	7	2.7	6.6	92	7.5	7	52	4	10	0	9	0	8	0	0	0	5	1	4	0	4	0	0	0
2007	8	1.1	5.7	94	0.4	46	43	7	5	0	5	1	5	0	2	1	10	0	0	0	1	1	5	2
2007	9	3.7	7.7	89	10.4	18	70	12	9	3	5	0	6	0	6	3	4	1	13	3	7	0	7	0
2007	10	6.2	11.1	89	14.7	18	54	8	7	1	10	1	9	0	1	0	5	0	6	2	4	0	7	1
2007	11	6.7	14.3	75	44.7	18	59	9	2	0	1	0	24	4	3	0	7	0	5	1	3	0	4	0
2007	12	5.4	12.6	67	56.4	5	52	7	12	1	5	1	8	1	1	0	8	0	4	1	4	0	2	0
2007	13	7.9	15	57	78.2	0	50	3	7	0	12	0	9	0	0	0	11	0	3	0	3	0	0	0
2007	14	6.5	13	66	49.1	4	26	3	2	0	4	1	5	0	2	0	3	0	0	0	4	0	0	0
2007	15	10.3	19.4	66	63.5	2	32	4	7	0	7	0	3	0	1	0	4	0	1	0	0	0	2	2
2007	16	8	20.3	59	51.5	5	60	2	9	1	4	0	7	0	4	0	2	1	3	0	9	0	6	0
2007	17	12.4	22.1	63	69.6	0.25	57	8	8	0	5	0	9	0	2	0	9	0	8	2	3	0	5	2
2007	18	10.6	18.9	59	79.1	6	34	2	4	0	3	0	9	0	0	0	1	0	3	0	2	0	8	0
2007	19	10.2	15.9	76	31.9	20	55	17	8	2	5	2	10	3	0	0	6	0	7	2	5	1	6	0
2007	20	10.8	18.3	68	0	24	35	9	6	0	11	2	3	2	4	1	4	0	4	1	0	0	0	0
2007	21	13	20.5	72	0	7	44	7	1	0	6	0	9	0	3	0	18	2	0	0	0	0	0	0
2007	22	14.2	20.9	73	0	17	39	8	5	1	8	0	8	1	2	1	5	1	0	0	3	0	1	1
2007	23	19.1	28.1	59	0	3	50	5	7	3	3	0	8	0	4	0	3	0	3	0	6	0	9	2
2007	24	15.4	28.2	68	47.4	34	55	7	6	2	8	0	7	1	4	2	1	0	3	0	5	0	8	0
2007	25	16.5	22.5	72	52.7	17	56	32	3	3	1	1	7	5	2	2	9	5	14	7	3	1	9	2
2007	26	13.8	19.7	79	27.8	75	54	30	9	6	8	0	13	9	3	3	4	3	5	2	1	0	4	1
2007	27	15.2	20.6	80	25.9	39	48	13	8	3	17	1	9	1	2	1	2	1	3	2	0	0	1	0
2007	28	15.8	24.4	72	41.2	19	41	26	2	2	0	0	10	5	1	1	16	11	3	3	3	0	1	1
2007	29	17	25.4	69	55	24	51	23	14	8	10	5	11	4	2	1	1	0	0	0	8	1	1	1
2007	30	15.6	20.7	75	35.1	35	56	36	7	6	6	5	6	2	3	3	6	3	6	3	7	5	3	2
2007	31	16.4	25.2	67	53	4	50	31	8	2	1	1	6	2	3	3	4	2	8	5	2	2	6	6
2007	32	18.9	25.9	73	53.7	7	55	29	5	4	2	0	8	6	1	0	9	6	9	5	5	3	8	1
2007	33	16.7	22.3	71	38	21	59	24	5	3	14	0	17	9	1	0	7	1	4	3	1	1	3	1
2007	34	17.5	23.2	80	26.1	21	49	35	9	7	10	7	3	3	5	2	8	5	4	3	2	2	1	1
2007	35	13	17.8	75	28.3	22	60	23	6	4	6	1	14	0	3	3	11	8	3	0	6	2	3	0
2007	36	13.5	21.1	NA	50	10	52	9	12	2	4	1	6	0	3	1	8	1	5	0	4	2	4	2
2007	37	12.9	19.8	NA	40	11	57	19	1	1	7	2	10	4	3	0	5	1	8	6	6	2	4	1
2007	38	12.9	21.4	NA	27	26	56	15	5	0	5	1	7	2	1	0	10	3	8	2	3	1	5	2
2007	39	12.1	23.2	NA	23	31	50	17	6	2	9	2	5	0	3	1	5	3	4	1	1	1	10	2
2007	40	10.2	18.8	NA	31	13	58	19	9	5	7	1	12	3	6	2	7	1	1	0	7	3	3	1
2007	41	9.2	16.7	NA	30	3	55	20	14	7	7	1	10	3	3	0	10	5	3	2	2	0	0	0
2007	42	8.5	16.5	NA	30	8	55	13	7	4	5	0	12	1	3	1	6	2	7	2	2	0	5	0
2007	43	6.9	13.2	NA	24	5	49	14	8	1	5	1	1	1	2	1	11	0	5	3	4	0	1	0
2007	44	8.5	15.4	NA	25	5	51	6	1	0	7	1	11	1	1	1	3	0	8	1	5	1	4	0
2007	45	5.8	11.9	NA	24	23	54	7	6	0	8	0	5	0	3	0	9	2	5	0	1	0	7	3
2007	46	3.6	10.4	NA	17	2	63	5	10	1	7	0	9	0	2	0	3	0	4	2	5	1	14	0
2007	47	4.4	9.5	NA	9	12	64	7	8	1	9	0	14	0	8	2	8	0	2	2	4	1	2	0
2007	48	4.8	10.4	NA	15	26	55	5	7	2	4	0	9	0	1	0	8	0	10	1	4	2	4	0
2007	49	6.2	12.3	NA	10	28	54	6	10	3	5	0	6	0	6	2	7	0	7	1	5	0	1	0
2007	50	2.4	7.4	NA	5	1	54	7	5	1	7	2	7	1	0	0	11	1	8	0	1	0	7	0
2007	51	1	7.2	NA	2	1	53	5	6	0	11	2	7	0	1	0	8	0	4	0	6	0	1	1
2007	52	4.7	9.4	NA	6	21	18	2	0	0	2	0	2	0	0	0	2	0	0	0	1	0	3	0
2008	1	0.7	6.6	NA	7	11	16	3	2	0	0	0	5	0	0	0	3	0	1	0	1	0	1	0
2008	2	4.8	8.8	NA	5	25	27	4	2	0	0	0	5	0	4	0	3	1	0	0	3	0	0	0
2008	3	5.4	11	NA	8	23	25	4	3	0	0	0	3	0	3	0	0	0	8	4	3	0	1	0
2008	4	4.7	9.4	NA	11	18	23	2	0	0	3	0	3	0	0	0	3	1	4	1	1	0	2	0
2008	5	3.8	8.4	NA	10	20	29	7	3	0	8	0	3	0	4	1	1	0	2	0	0	0	0	0
2008	6	5.2	11.3	NA	21	11	34	4	3	0	10	0	3	0	1	0	4	0	2	0	2	0	1	0
2008	7	2.6	9.3	NA	18	0	20	7	1	0	2	0	4	0	2	1	1	0	0	0	2	0	2	1
2008	8	6	11.2	NA	6	8	31	5	2	0	1	1	9	1	7	0	3	0	1	0	2	0	0	0
2008	9	5.7	9.5	NA	21	23	22	5	5	2	0	0	2	0	1	0	0	0	0	0	4	0	2	0
2008	10	4.4	11	NA	21	21	26	2	4	0	3	0	0	0	2	1	1	0	3	0	5	0	3	1
2008	11	5.1	12.2	NA	16	22	34	2	6	0	7	0	5	1	3	0	1	1	3	0	1	0	2	0
2008	12	0.9	8.9	NA	40	18	17	3	1	0	4	1	4	0	1	1	1	0	1	0	2	0	0	0
2008	13	3	15.8	NA	38	12	29	2	2	0	2	0	8	0	0	0	4	0	3	0	1	0	3	0
2008	14	5.7	14.5	NA	21	10	27	6	2	0	2	0	5	2	2	0	4	0	0	0	4	0	0	0
2008	15	5.1	14.3	NA	43	9	21	5	1	0	0	0	3	0	5	0	0	0	0	0	4	1	2	1
